622
98
302
772
365
881
986
188
848
297
850
570
186
336
472
774
244
522
747
599
494
75
412
923
398
758
267
394
614
95
726
236
546
29
9
263
910
347
452
110
645
302
681
183
990
153
310
586
27
57
185
874
485
598
797
235
708
65
629
322
512
356
559
410
737
920
674
999
619
126
461
616
780
142
800
122
647
462
709
27
871
894
901
708
844
50
944
552
115
925
227
980
633
138
390
722
58
416
721
677
894
183
294
674
677
446
797
677
908
858
704
779
752
605
840
949
655
136
853
123
61
80
455
47
218
197
769
628
614
843
658
508
26
952
535
55
750
684
732
658
542
436
789
646
393
981
595
401
117
801
876
179
233
331
578
804
880
347
432
494
190
90
3
568
394
890
624
144
574
356
154
116
145
296
762
890
277
710
291
395
511
519
926
744
850
504
548
731
203
333
577
394
775
932
314
170
822
938
314
396
647
821
864
144
117
627
34
394
337
678
141
200
197
67
296
400
923
197
483
127
530
60
873
305
993
187
827
167
478
494
564
477
315
428
621
784
407
7
178
96
685
320
648
235
739
945
635
663
142
118
790
672
530
15
329
523
202
157
691
32
3
607
509
318
387
482
102
147
842
632
243
527
304
244
762
44
189
749
59
331
867
201
355
398
216
36
273
770
193
316
803
548
275
664
866
663
499
320
162
341
953
757
220
257
1
335
653
190
84
712
873
304
913
228
54
481
265
327
252
810
996
407
359
271
71
577
286
922
898
448
263
203
206
836
812
207
523
466
750
607
530
623
263
796
204
317
277
821
997
881
631
345
288
342
616
360
272
903
634
170
703
250
725
909
86
537
469
609
355
219
568
238
194
832
386
398
501
663
219
850
545
203
195
185
897
812
897
169
67
532
691
770
782
416
32
868
954
853
829
661
424
397
899
618
581
285
17
83
301
588
933
198
143
481
383
41
293
281
210
712
813
902
834
947
670
218
815
624
71
644
638
495
393
889
466
975
175
835
410
828
423
695
26
567
176
761
960
821
394
170
533
207
424
720
154
95
938
321
71
362
317
709
857
63
599
323
390
126
158
800
954
934
847
332
853
376
445
813
197
840
983
83
399
760
803
554
855
93
227
278
455
897
340
665
960
291
988
350
417
499
502
723
785
701
407
638
77
852
451
627
692
786
710
92
546
865
998
753
958
577
384
766
474
724
431
786
15
771
488
784
270
342
859
407
44
618
45
121
470
496
748
515
635
810
959
533
27
309
287
986
238
671
752
65
747
535
851
762
306
692
898
929
34
757
336
78
727
382
552
197
230
652
64
865
815
375
399
842
684
38
180
275
61
284
340
808
819
543
922
126
235
172
407
270
281
743
700
8
125
604
557
708
609
622
925
424
997
324
618
34
714
799
309
127
435
1
935
255
544
209
733
780
381
140
402
662
883
454
22
361
411
580
69
20
202
994
796
551
671
766
937
737
565
246
865
1
599
152
608
144
362
693
276
95
833
30
110
68
836
132
781
247
64
850
619
266
197
767
170
220
534
107
957
451
706
174
804
305
327
764
801
41
457
77
488
290
459
950
711
296
435
492
543
499
343
515
118
892
282
288
464
168
395
773
972
453
948
776
759
275
541
560
668
998
990
508
641
449
459
352
745
894
844
641
393
539
508
511
783
142
799
247
663
547
21
635
0
969
411
111
596
304
24
616
655
366
124
296
815
583
0
913
477
844
906
223
384
766
734
519
908
886
767
571
785
788
206
137
109
970
249
705
626
625
321
281
991
797
929
806
381
929
71
210
774
329
433
510
95
168
29
4
406
148
927
191
936
134
328
45
456
929
102
82
554
775
716
545
573
645
704
306
575
127
516
701
457
950
563
552
470
944
556
876
93
484
419
381
970
99
779
778
29
881
860
935
9
928
481
582
574
537
888
501
664
756
202
121
706
117
674
176
413
582
404
506
418
175
240
388
275
19
166
304
252
379
239
261
307
72
195
881
961
435
734
626
192
288
99
250
405
125
779
819
708
183
677
126
359
917
867
634
288
33
290
541
764
881
154
72
954
702
305
915
137
40
893
681
680
993
932
86
118
711
257
178
246
286
657
957
556
524
943
844
909
233
737
674
467
244
98
773
946
755
688
435
147
934
469
828
279
401
266
749
464
523
928
62
161
937
20
717
461
963
914
722
549
651
396
16
247
846
789
193
602
829
981
101
115
450
929
394
203
195
496
19
70
776
81
232
713
453
301
174
769
215
896
670
219
645
38
466
843
179
12
797
360
993
899
476
