1102
113
1909
1332
1395
485
865
270
1290
961
1484
297
1219
1183
261
1852
964
1785
465
286
435
1935
10
78
897
1979
483
47
701
1179
544
1803
1292
453
1487
1039
938
705
1309
229
18
793
526
1238
328
1139
1442
1293
924
259
1931
1359
195
293
1789
1444
272
272
1492
1325
1451
36
1480
1095
489
967
134
1428
24
1795
9
43
940
535
1633
1269
26
1427
562
950
1686
845
661
233
1138
451
1678
1762
723
1170
1087
527
1558
567
1974
47
1886
461
1827
263
256
1836
306
1549
723
291
818
749
1718
1732
1699
1404
577
713
1990
67
1164
1668
1829
239
838
916
766
396
1835
741
795
73
1554
623
336
162
811
994
1711
1535
1637
529
636
1355
613
336
1112
1542
1401
1102
1609
565
1122
1438
804
1960
706
1571
708
893
664
1855
1319
570
478
7
732
1290
1002
444
1177
991
1325
1813
347
291
501
1811
1833
1902
1265
1795
467
387
1585
1624
699
292
1547
1759
1537
563
1614
856
1133
445
864
1865
87
218
661
1264
1209
1987
1429
1908
630
1931
71
463
185
1336
258
653
1723
196
629
774
488
176
533
377
739
148
1586
1872
945
802
89
1032
1020
751
648
581
1090
77
842
1720
360
913
535
546
602
1146
1551
325
1342
180
1100
182
356
1985
559
1447
485
145
1319
1430
947
1408
462
319
511
1462
1253
1601
1892
95
1673
252
1008
209
1150
1962
1355
701
288
1049
1233
1740
1231
1941
77
1790
1388
563
288
707
1993
1587
468
808
259
1331
270
1512
1285
514
1959
958
1119
1319
1519
269
1282
874
1323
1922
1923
556
1662
1506
498
1739
1297
1886
654
1937
946
648
1876
1766
1456
487
1097
78
1999
382
593
310
1341
1712
1630
860
333
912
87
1656
834
362
213
848
1869
1063
939
1518
1301
1594
1807
247
242
35
365
50
523
1463
128
874
1845
1073
1185
1538
1137
815
751
1471
1727
1190
1127
913
1904
1692
1761
125
1107
1052
1643
409
646
1802
1008
1240
1838
1374
1290
361
1189
1771
1235
1386
1196
420
925
334
1235
28
1805
1314
1570
1284
579
1474
977
340
1600
84
1745
1595
845
391
1398
1854
1984
1588
1580
1626
1949
769
1397
1536
507
594
309
1784
1280
1896
1812
1085
1211
1734
369
1790
1209
1698
483
1161
1783
228
756
980
971
506
1186
955
94
1118
582
395
1887
331
1932
747
1277
241
531
557
137
696
1994
1700
430
716
1843
1991
414
326
1152
549
906
261
1530
1877
1119
1068
1185
1566
187
119
1961
426
450
245
1173
80
838
1705
637
1328
401
984
1380
831
1700
1223
823
466
1901
327
1016
1159
940
898
1037
60
1966
574
1978
153
693
1939
580
1495
537
105
1575
1727
1810
565
1055
211
1549
436
1395
1601
11
570
67
265
1249
1435
1424
190
685
813
602
1004
1387
580
1157
80
871
89
1576
1760
195
1503
1488
357
68
543
569
1617
1331
316
1570
1695
1238
1990
1960
487
1777
1736
1029
463
550
1631
1467
1937
563
976
370
1787
1066
298
1547
1613
1801
1035
1970
1870
1931
891
1839
1614
1559
1410
1661
797
1752
1973
1285
1529
1710
314
1992
260
298
1811
197
1213
788
567
1000
206
865
900
171
667
1935
141
889
218
1385
728
185
944
490
1846
1742
242
1820
1027
1772
1530
1693
116
1790
343
1928
339
1557
716
1259
909
1274
476
1809
1445
1495
97
1586
384
315
1323
1465
500
268
1955
699
362
198
519
1389
322
401
1434
438
543
1778
366
1234
1687
1434
493
596
708
1322
758
153
817
855
92
1554
1522
1767
1371
375
35
1326
1074
397
1876
1945
138
198
698
1925
989
1241
55
1355
475
1742
1142
1321
690
202
995
1448
708
164
655
1152
1718
178
919
1089
553
955
768
1979
1704
644
1924
195
1195
622
120
184
215
527
1891
1042
621
1385
715
1663
1588
1710
1112
296
1875
119
1448
1945
297
367
1387
1202
1674
507
1181
1731
1151
1105
278
698
79
750
1234
646
1277
1126
1689
1898
511
756
1561
451
467
1025
747
694
1145
547
991
1794
1267
378
997
941
1237
178
1024
389
1636
1302
1439
67
52
674
714
1681
1800
755
1579
663
1511
1493
1115
330
518
214
1024
15
762
16
162
381
746
1159
1674
1984
1689
699
725
1677
353
164
1745
406
1190
811
87
1342
1566
19
358
1429
1512
1473
1760
382
39
784
750
1153
1152
912
1534
1899
423
1209
235
464
260
1312
142
613
1828
239
1019
1019
1402
1459
361
1320
1830
719
749
1342
544
509
76
936
1646
1178
89
798
442
1976
1049
865
1537
1636
1330
1797
948
1824
410
777
415
1782
148
169
1593
861
1489
1423
1581
238
1117
477
1100
1193
1413
746
724
1855
1896
1166
183
1298
32
1720
934
1714
1517
235
1890
1927
1364
657
61
1512
826
1654
373
315
1077
306
905
194
1136
357
1740
549
1103
464
756
1352
1982
939
1002
14
659
288
80
176
523
322
456
1887
979
517
1751
157
172
477
824
1249
783
1730
1796
1919
87
1888
821
1543
352
1929
1247
686
869
249
701
1880
537
1133
409
1413
1808
865
1652
787
1734
1404
1297
258
1881
121
1860
1016
1851
1656
1288
291
1544
461
186
248
390
1433
934
1611
34
1987
1492
923
1473
253
336
1281
1470
1989
420
1204
1745
1717
1463
1978
1839
1323
994
